  
 trch3302:
  tin =  1.000000000000E+09 din =  1.000000000000E+02 ein =  8.699095472516E+19
  tout=  1.000000000000E+09 dout=  1.000000000000E+02 eout=  8.699094192903E+19
  enuc= -6.398E+11 sum = -1.132E-14 nbad=    1 nok=   24
  
 top 20 mass fractions:
 he4  = 1.000E+00 fe56 = 1.393E-05 fe58 = 7.188E-06 fe57 = 6.949E-06 c12  = 2.135E-06
 fe59 = 2.025E-06 fe60 = 3.882E-07 fe61 = 1.501E-08 o16  = 1.399E-09 ne20 = 1.247E-09
 fe62 = 7.439E-10 co61 = 5.902E-10 mg24 = 3.983E-10 co62 = 1.554E-10 si28 = 3.861E-11
 ni62 = 1.271E-11 co63 = 8.592E-12 co59 = 7.299E-12 ni63 = 3.406E-12 al27 = 2.011E-12
 prot = 9.016E-14 neut = 7.097E-21 he4  = 1.000E+00 
  
 cpu time : 00 hrs  00 min  00 sec       0 usec


