  
 trch3302:
  tin =  1.000000000000E+10 din =  3.000000000000E+06 ein =  6.934235906926E+19
  tout=  6.737946999086E+07 dout=  9.177069615055E-01 eout=  7.145279912957E+19
  enuc=  4.221E+18 sum =  2.240E-12 nbad=  147 nok=  325
  
 top 20 mass fractions:
 neut = 6.830E-01 he4  = 1.333E-01 cd134= 9.215E-02 pd132= 2.285E-02 ag133= 1.421E-02
 sn140= 1.149E-02 in137= 9.768E-03 ni82 = 4.497E-03 ru128= 2.565E-03 rh130= 1.914E-03
 ni80 = 1.890E-03 mo124= 1.365E-03 o16  = 1.159E-03 ru126= 1.094E-03 zn86 = 8.444E-04
 fe76 = 7.112E-04 te154= 6.809E-04 tc125= 6.359E-04 ge95 = 6.250E-04 nb123= 5.975E-04
 prot = 1.063E-22 neut = 6.830E-01 he4  = 1.333E-01 
  
 cpu time : 00 hrs  00 min  00 sec       0 usec


